1.411103987525107462e+00 1.552122966431053408e+00 1.223925508069993340e+00 0.0+00
9.912839325709766891e-01 6.100199082406068118e-01 1.255311649316099842e+00 0.0+00
1.605112358895939950e+00 8.576848725637027382e-01 6.554545289532507368e-01 0.0+00
1.207542088448799511e+00 8.970905107288813518e-01 5.889927204625844404e-01 0.0+00
1.091014199791453310e+00 7.497312085740784893e-01 1.090994567360595191e+00 0.0+00
2.301065227729334195e-01 1.462016447576927503e+00 1.102265389396938300e+00 0.0+00
4.544865778766351005e-01 2.904758964735630888e-01 1.043842986755267432e+00 0.0+00
4.496680461362009273e-01 1.708088778091929827e+00 1.976042182214423626e+00 0.0+00
1.093792498360808552e-01 1.558788368508664757e+00 1.940220952882435457e+00 0.0+00
1.676355063122467737e-01 3.182127191137769651e-01 1.984879090047256822e+00 0.0+00
2.284166770750097400e-02 1.994275923752678148e+00 1.500280174204596806e+00 0.0+00
7.774549449713124005e-01 1.405508349748384234e+00 1.074446636557877754e+00 0.0+00
1.762781542510145905e-01 1.441617524019142893e+00 1.984813871798091434e+00 0.0+00
1.704697062361152371e+00 1.305836109602944939e+00 3.906201752516944015e-01 0.0+00
9.726534536053645930e-01 1.667682316360241446e+00 1.128290178339644623e+00 0.0+00
7.838623478910644593e-01 8.474711626393974795e-01 1.774480074803314489e+00 0.0+00
2.928250241290908384e-01 7.484219374693320548e-01 1.971297274640925412e+00 0.0+00
1.474907636520278675e+00 4.814976207944106634e-01 1.334930160935778876e+00 0.0+00
1.405614647008078810e+00 1.306272148675006850e+00 1.540926420704036071e+00 0.0+00
1.812866390701984853e-01 1.756573596833642448e+00 3.352622463903598971e-01 0.0+00
7.785607947530354123e-01 1.064013068589129141e+00 1.455090879223535527e+00 0.0+00
1.548659166054642489e+00 1.649722544308806382e+00 1.747391674573739895e+00 0.0+00
4.881500852485013420e-01 1.071322863412459414e+00 1.690662765810905688e+00 0.0+00
2.828463366908091636e-01 7.258339472053219055e-01 1.969409662304270503e+00 0.0+00
1.965933158236888856e-01 1.491382975106838149e+00 1.063907549186333679e+00 0.0+00
1.246186601506676928e+00 1.736996256362408841e+00 8.897623267025021876e-02 0.0+00
9.570923914806883648e-01 1.676485961096605859e+00 1.500873980214623815e+00 0.0+00
1.282610994014279915e-01 1.989830375278513586e+00 1.583186644854900349e+00 0.0+00
7.392612553499697814e-01 1.592834291192020357e+00 1.340093032624675384e+00 0.0+00
6.789468619919327708e-01 1.574216865173614921e-01 1.468436957959727840e+00 0.0+00
4.170399435797462195e-01 1.840525192801177656e+00 1.956537159649191393e+00 0.0+00
1.202250636092289326e+00 9.800898638452771872e-01 1.295852194147043113e+00 0.0+00
1.542764305783096201e+00 6.723477523616402385e-01 9.836086837744782985e-01 0.0+00
1.460030844403293004e+00 3.695299644402814665e-01 1.260768369568492364e+00 0.0+00
1.509805550276026587e+00 6.456820466260837499e-01 5.851362193110513088e-01 0.0+00
8.686723306297702285e-01 6.675778932336042804e-01 1.569374690091985602e+00 0.0+00
1.226161549723197908e+00 3.695454232290626417e-01 1.564503028451523781e+00 0.0+00
4.820562711877049433e-01 1.456941147743445075e+00 1.464045725644206319e+00 0.0+00
1.462680689935063727e+00 7.453360651148043248e-01 1.176623334926908182e+00 0.0+00
1.046088709508214754e+00 1.520900843657068569e+00 6.795725590390664372e-01 0.0+00
4.881260515803945710e-01 1.279963781497906794e+00 1.298118918874495265e+00 0.0+00
4.808529173107383703e-01 1.066497419914197886e+00 1.778552704915845384e+00 0.0+00
1.392360115849942404e-01 1.740225865139833239e+00 7.909039395456516353e-01 0.0+00
3.627634680543850854e-02 4.247591657395865528e-01 1.966824100099946016e+00 0.0+00
9.679662940894642187e-01 1.899471174677936913e+00 7.107639603207271950e-01 0.0+00
4.727151011365832156e-01 1.111794882038537713e+00 2.772038475193698837e-01 0.0+00
1.018203248406060801e+00 1.028982289381907833e+00 4.068690390318438488e-01 0.0+00
5.189945389768552131e-01 1.549913663295607646e+00 3.675653836481401759e-02 0.0+00
3.512422322979911748e-01 4.355213453079218727e-02 1.869033525236170057e+00 0.0+00
1.409403190976332043e+00 6.052370942591643876e-01 1.358717409055859582e+00 0.0+00
3.893428146091113679e-02 1.133012059009818641e-02 1.462839398542258973e+00 0.0+00
7.438488851092929233e-01 1.375023739403125500e+00 1.322154091578410462e+00 0.0+00
1.492692244532141110e+00 1.641828909900554301e+00 1.695977277807609207e+00 0.0+00
1.491784013146800536e+00 7.762107678673364486e-01 1.281911310089839828e+00 0.0+00
1.511198397037783581e+00 1.580640032481665402e+00 1.635509665105033594e+00 0.0+00
1.232160264091947788e+00 9.968222109443829471e-01 9.501062068750809608e-01 0.0+00
7.465954708678482765e-01 1.441040921753318882e+00 2.990711694102787810e-01 0.0+00
1.678830005120021118e-01 1.753780488021654982e+00 4.011055095900817324e-01 0.0+00
5.488901929963067028e-01 1.989833809260455277e+00 2.803304133270028142e-01 0.0+00
3.470543833748234164e-01 1.839484229845254726e+00 1.817159311224781026e+00 0.0+00
1.535891224061682214e+00 7.500566546136897550e-01 1.099582571772327100e+00 0.0+00
1.150373402001604983e+00 1.259877314179970176e+00 3.523505621761544582e-01 0.0+00
9.836513374180246849e-01 8.623048838206205380e-01 1.865011326286615478e+00 0.0+00
4.834715147643664501e-01 5.009390125904819024e-01 9.856254156870748462e-01 0.0+00
9.736477690548821506e-01 1.758314898264621728e+00 1.142865757920081604e+00 0.0+00
1.402079655675827208e-01 9.674542984531447204e-03 9.542765902040800663e-01 0.0+00
8.958666263820675990e-01 1.467945341720009234e+00 4.384307180443022811e-01 0.0+00
4.856596778487115573e-01 1.638459364919807815e+00 8.636083489611333652e-01 0.0+00
1.563667145867488617e-01 9.930422068140125624e-01 1.975129810352543203e+00 0.0+00
1.554316200842906337e+00 4.505486119404782386e-01 1.414085029750041578e+00 0.0+00
1.133696370749026405e+00 1.282469646889426773e+00 1.268155244662694248e+00 0.0+00
1.584855294370142165e+00 4.911387536064780734e-01 1.777071381045431664e-01 0.0+00
3.326479704278604843e-01 1.537058596042310210e+00 1.948253591649244276e+00 0.0+00
5.624913416980973357e-01 8.768452129296945285e-01 1.584709514749633952e+00 0.0+00
1.547930438817882060e+00 1.026542675739722688e+00 1.476540948071980996e-01 0.0+00
1.307737592894693268e+00 1.397130923686385584e+00 1.412428366080901609e+00 0.0+00
4.901217607488503880e-01 1.336662114395204881e+00 1.136327619571311232e+00 0.0+00
1.171675514084858261e+00 3.705562276079418238e-01 1.579739884784906678e+00 0.0+00
5.451132918266989869e-01 1.427155083418365944e+00 2.848199275585205914e-01 0.0+00
1.453937794791429594e+00 5.404496541145095145e-01 3.222729691949957065e-01 0.0+00
1.449878401412930895e+00 3.746824188621806773e-01 1.329717906749550149e+00 0.0+00
8.850419371036092331e-01 1.113584376004170595e+00 1.250393381671580650e+00 0.0+00
1.232683707148453767e+00 1.384155971507576854e+00 1.322938621784534696e+00 0.0+00
1.321737067537670951e+00 1.680603894329984804e+00 6.815944879997283545e-02 0.0+00
1.508687428909945005e+00 4.408591659987558531e-01 1.373659775018401863e+00 0.0+00
3.695670932752897347e-02 1.333337761245435127e+00 5.963952291514015291e-01 0.0+00
4.831361137188119881e-01 7.131238939238286612e-02 1.812446431719646256e+00 0.0+00
1.302809791870064515e+00 1.218095420776905469e+00 1.288227212739639915e+00 0.0+00
1.545693788985472494e+00 6.418662557547831771e-01 1.070448700331010805e+00 0.0+00
1.332959372742776871e+00 1.695243294600586204e+00 8.470089888774362530e-02 0.0+00
7.360344705612299754e-02 1.744571921115240842e+00 1.257849962950121324e-02 0.0+00
9.330758988890501815e-01 1.177727075447954519e+00 1.342390594802318038e+00 0.0+00
7.225675910160531679e-01 1.565870829220062044e+00 1.763917402234492782e+00 0.0+00
2.666832754945825945e-01 1.451784287971650489e+00 1.096884956197555328e+00 0.0+00
1.601897616226478638e+00 9.685035459785698020e-01 1.754220132754940875e-01 0.0+00
1.556723595145441230e+00 4.982617854963924953e-01 1.217172400859838133e+00 0.0+00
4.973730279730543824e-01 1.459686539583344933e+00 1.066821320609614876e+00 0.0+00
4.623703102170215185e-01 3.563308207647134518e-01 1.785105983706888333e+00 0.0+00
1.492025848110170916e+00 6.062208646855729022e-01 9.350593287891952876e-01 0.0+00
2.337276041260075155e-01 1.458935062361167212e+00 1.018377382988029822e+00 0.0+00
 0.0+00