0.000000000000000000e+00
-1.604472709987583083e-06
-1.167032703557901162e-06
1.374521565709670317e-07
1.928923695644376450e-06
4.114377731783428133e-06
6.536937489370455768e-06
9.064328103710826408e-06
1.155563095765951289e-05
1.382225264376731195e-05
1.604035053581439382e-05
1.809234630998593930e-05
1.993774234408277629e-05
2.149646400623154155e-05
2.283570025700310706e-05
2.388836295471340581e-05
2.473034908365505087e-05
2.542118876310982102e-05
2.600556766491926125e-05
2.655558056886352144e-05
2.710810018182718806e-05
2.771252186613139908e-05
2.838432269191329180e-05
2.912672851839293568e-05
2.994615011659413389e-05
3.082976810714865135e-05
3.181810620291524258e-05
3.290232881893954947e-05
3.406773587005766923e-05
3.529982791883381354e-05
3.659178945423709227e-05
3.794598141815324423e-05
3.937125081319903968e-05
4.087538241734298827e-05
4.247642911507845670e-05
4.415727463130610401e-05
4.590646140655954316e-05
4.771119642054641756e-05
4.955894764017165798e-05
5.143354085815658120e-05
5.328165686185067204e-05
5.506157101045401506e-05
5.667034139930063921e-05
5.801579612932031830e-05
5.898848735972952306e-05
5.949605476369150732e-05
5.941395122488168755e-05
5.855922032579996919e-05
5.745025443834448535e-05
5.524674416954465699e-05
5.235035803298438236e-05
4.854644818739064176e-05
4.350100268411501766e-05
3.732647729298070003e-05
2.999183325464761118e-05
2.147571583341672941e-05
1.181150043296192978e-05
1.032897860258332301e-06
-1.075417012523315793e-05
-2.351132754649393485e-05
-3.724087799745472459e-05
-5.207315271239817511e-05
-6.821617999411372867e-05
-8.551424233379653834e-05
-1.038144269150468446e-04
-1.230984098488615880e-04
-1.433900190781771562e-04
-1.647089719719268359e-04
-1.870959343475586570e-04
-2.106271959843130758e-04
-2.353011898023878797e-04
-2.612206167473191186e-04
-2.886529726158498657e-04
-3.178896845120299762e-04
-3.491965303854220734e-04
-3.827789176966127252e-04
-4.188126539352291151e-04
-4.574751480443542211e-04
-4.989319147789328173e-04
-5.433579681556472947e-04
-5.908566154664936969e-04
-6.414756459438872120e-04
-6.951805097300394224e-04
-7.518724202121062142e-04
-8.114217320665136329e-04
-8.736439207806204893e-04
-9.383159273826107045e-04
-1.005169840581345182e-03
-1.073897585270864414e-03
-1.144173582091156808e-03
-1.215673595228481969e-03
-1.288091849321831069e-03
-1.361141459539532035e-03
-1.434536612404261778e-03
-1.508009655270976844e-03
-1.581329243270322314e-03
-1.654287593903774846e-03
-1.726719042240011659e-03
-1.798566243576500906e-03
-1.869868749523917765e-03
-1.940563711676282976e-03
-2.010513213831521297e-03
-2.079595131054039203e-03
-2.147805578124791556e-03
-2.215155518177175549e-03
-2.281578557375968114e-03
-2.346993526559567993e-03
-2.411411879726210739e-03
-2.475192647954618103e-03
-2.538724729122406997e-03
-2.602144937252632521e-03
-2.665412578382133670e-03
-2.728423288768122481e-03
-2.791078215105630145e-03
-2.853335381995054758e-03
-2.915182690178237581e-03
-2.976561437928728401e-03
-3.037313251338493673e-03
-3.097272136780953190e-03
-3.156444534478982777e-03
-3.214879677089548405e-03
-3.272527455461315699e-03
-3.329259341228909489e-03
-3.384859192968225211e-03
-3.439324485118380910e-03
-3.492741501028777222e-03
-3.545177761887494984e-03
-3.596605431499669010e-03
-3.647213702512047944e-03
-3.696999187393410543e-03
-3.745610546253083911e-03
-3.793162154144276866e-03
-3.839815871132879269e-03
-3.885645816864473270e-03
-3.930680139917619789e-03
-3.975119489468717342e-03
-4.019014755863859790e-03
-4.062292804884367822e-03
-4.104859179472222439e-03
-4.146516246302097038e-03
-4.186945385564896926e-03
-4.225774086494983768e-03
-4.262566645807570366e-03
-4.296848846271649792e-03
-4.328247590345405717e-03
-4.356004992506795626e-03
-4.380043998566627086e-03
-4.399764976586805799e-03
-4.414722835941844656e-03
-4.424247660857309923e-03
-4.428626974300359752e-03
-4.430860326737626545e-03
-4.429613458991711605e-03
-4.419967530236402001e-03
-4.403877609936870594e-03
-4.382307499599967515e-03
-4.354868433066664581e-03
-4.321197488722798054e-03
-4.281126202782532635e-03
-4.234801192112168031e-03
-4.182559674779559242e-03
-4.124916428656541859e-03
-4.062463001207469553e-03
-3.995783399778165580e-03
-3.925334219489802143e-03
-3.851460114903914635e-03
-3.774460602553743761e-03
-3.694671049001474819e-03
-3.610231964089507216e-03
-3.518149400437189413e-03
-3.420857926562131512e-03
-3.320299585238312319e-03
-3.217102644665806744e-03
-3.112373350262227084e-03
-3.006217869933484020e-03
-2.897494842178324932e-03
-2.784207430536938914e-03
-2.665164392620420798e-03
-2.539286014602359660e-03
-2.405236469338880526e-03
-2.262103997927273919e-03
-2.108902644231226697e-03
-1.944651100758169751e-03
-1.768678274346149838e-03
-1.580737608217707346e-03
-1.380683965943050760e-03
-1.168594921974637491e-03
-9.446801115294211574e-04
-7.092358051642353150e-04
-4.626140898868365530e-04
-1.848714652498018181e-04
9.501976208260365310e-05
3.825805506755076751e-04
6.772539621171741811e-04
9.775020792578378078e-04
1.282563279120607505e-03
1.591967727461804675e-03
1.905271697796471044e-03
2.221840766052734367e-03
2.540698035672731784e-03
2.860840447983036862e-03
3.181668098751680353e-03
3.502781670097566361e-03
3.823637138434235819e-03
4.143499198795880939e-03
4.461695178387322172e-03
4.778102081905358581e-03
5.092725739040993536e-03
5.404877395189064404e-03
5.713663172839268840e-03
6.018246379815788728e-03
6.317336228286867493e-03
6.611739247642582813e-03
6.902410609461008019e-03
7.189271335383020517e-03
7.471757133415636923e-03
7.749397676124518235e-03
8.021921535576357135e-03
8.289188720048232262e-03
8.550975900773336719e-03
8.807188025779587315e-03
9.058365402099964950e-03
9.304618020190917257e-03
9.545794170909326429e-03
9.781384460637249437e-03
1.001086114022984273e-02
1.023363053433589027e-02
1.044911206455245538e-02
1.065877684595764943e-02
1.086306056851505004e-02
1.106027971128212273e-02
1.125116062247930211e-02
1.143650634039625885e-02
1.161665039327169913e-02
1.179207249547468625e-02
1.196267838609837639e-02
1.212783130508031035e-02
1.228795662402409894e-02
1.244344698669798584e-02
1.259458819888993261e-02
1.274147673068908200e-02
1.288400079912957810e-02
1.302184312828173589e-02
1.315503366899348735e-02
1.328391165436519118e-02
1.340699924419756078e-02
1.352514098398158691e-02
1.364004666438833370e-02
1.374912637911827364e-02
1.385120976358008779e-02
1.394707007179563259e-02
1.403721924622374113e-02
1.412168576407119014e-02
1.420200691580871151e-02
1.427641344993800174e-02
1.434249463821338916e-02
1.440071873364750371e-02
1.445317599051359515e-02
1.449953698382855892e-02
1.453928373056814771e-02
1.457101563752788258e-02
1.459412986414033997e-02
1.460882988784035705e-02
1.461569651389030278e-02
1.461568255273169512e-02
1.460935853070237031e-02
1.459740225160553392e-02
1.458051118232027606e-02
1.455937050581099408e-02
1.453255042207832366e-02
1.449786802014654472e-02
1.445800781554483494e-02
1.441355038526949059e-02
1.436454566582882723e-02
1.431191933270645721e-02
1.425651155964947556e-02
1.419835340572503553e-02
1.413346022323016572e-02
1.406100141877050964e-02
1.398445065142413408e-02
1.390592725565896297e-02
1.382493104081447717e-02
1.374063519557622119e-02
1.365279262709325273e-02
1.356137096945668995e-02
1.346627527975515111e-02
1.336735060534467723e-02
1.326352412541239971e-02
1.315394948814986413e-02
1.303807544270292086e-02
1.291558595006371719e-02
1.278639022664096805e-02
1.265066108981078088e-02
1.250947204815133600e-02
1.236280294135817803e-02
1.221011071301599839e-02
1.205107721247239243e-02
1.188561651891365326e-02
1.171384197399607391e-02
1.153586599638681438e-02
1.135181377923897249e-02
1.116172544656686590e-02
1.096558561291747710e-02
1.076337197429634747e-02
1.055516516741627879e-02
1.034118525291725238e-02
1.012177940406347801e-02
9.897308608964235435e-03
9.668187045811084054e-03
9.434868132264158727e-03
9.197850450860070234e-03
8.957681501740534860e-03
8.714960243828848499e-03
8.470413887409544706e-03
8.224795322271532400e-03
7.978780619949747341e-03
7.732987178734631456e-03
7.488259184896981988e-03
7.245367225284161071e-03
7.004927565168350689e-03
6.767633410613828858e-03
6.534071690399107478e-03
6.305028918967330032e-03
6.080724975764209908e-03
5.861429236197444013e-03
5.647309710536335160e-03
5.438473274418439453e-03
5.234808565664926874e-03
5.036010429985632655e-03
4.841551147107250354e-03
4.650840614576786866e-03
4.463201221855499223e-03
4.277921790053268968e-03
4.094423057876318134e-03
3.912155171883800221e-03
3.730532452012583124e-03
3.548922857929210674e-03
3.366700071808329930e-03
3.183354131829070881e-03
2.998578924405181315e-03
2.812252958343916705e-03
2.624391778883832221e-03
2.435290430902933671e-03
2.245036367834302680e-03
2.053725544821697908e-03
1.861568585521487709e-03
1.668865223170594046e-03
1.475922200511720029e-03
1.283070840234040635e-03
1.090575740810250044e-03
8.986358624874883887e-04
7.073230961788800090e-04
5.166304202694219300e-04
3.264285363348511234e-04
1.365103539949800906e-04
-5.347139721574661967e-05
-2.439950204074345017e-04
-4.356426507056074802e-04
-6.290421190294473355e-04
-8.247660404530325227e-04
-1.023242394551867685e-03
-1.224877642026489999e-03
-1.430058999887428173e-03
-1.639111198920632740e-03
-1.852308988430800742e-03
-2.069920080872486925e-03
-2.292093590448784739e-03
-2.518854110746644118e-03
-2.750182564643812496e-03
-2.986063835443700503e-03
-3.226299953794872690e-03
-3.470351950914643026e-03
-3.716910683618687618e-03
-3.965863585258601158e-03
-4.217234914882183293e-03
-4.470853803714535356e-03
-4.726726127901090431e-03
-4.984720359441610800e-03
-5.244404773680059507e-03
-5.505471574577985513e-03
-5.767654550606596438e-03
-6.030642361890556705e-03
-6.294288739990360100e-03
-6.558199487093916216e-03
-6.821677542166844355e-03
-7.084035244911217853e-03
-7.344914170990349614e-03
-7.604044529785457598e-03
-7.861065610726952063e-03
-8.116194941801983809e-03
-8.368132800205896685e-03
-8.615224567103927505e-03
-8.857153775591880204e-03
-9.093122299660151217e-03
-9.322909496277197172e-03
-9.545737464960775062e-03
-9.760916327603440593e-03
-9.969688027773263711e-03
-1.017305192282892505e-02
-1.037121477462104972e-02
-1.056443795563131484e-02
-1.075318888806246938e-02
-1.093822680203805110e-02
-1.111945700214381216e-02
-1.129700343658375690e-02
-1.147066188925256920e-02
-1.163956952310709302e-02
-1.180296179343649603e-02
-1.196011327683530780e-02
-1.211113216325194857e-02
-1.225541618379678149e-02
-1.239108915354473692e-02
-1.251789324208097375e-02
-1.263647659738756021e-02
-1.274490349928182956e-02
-1.284126624184957384e-02
-1.292455148614542887e-02
-1.299312451147980642e-02
-1.304522455273146760e-02
-1.307922918251151756e-02
-1.309356683048827456e-02
-1.308661210872792344e-02
-1.305725883882256563e-02
-1.300434103435345670e-02
-1.292588950655214342e-02
-1.282001725565845573e-02
-1.269261448350268370e-02
-1.255860113789464792e-02
-1.241390737792956271e-02
-1.224987614918363575e-02
-1.206310885505247447e-02
-1.185449903298229496e-02
-1.162637445347071939e-02
-1.137113740536882002e-02
-1.108670837868742237e-02
-1.078104173470186000e-02
-1.045781431509480025e-02
-1.012183795190187661e-02
-9.777626685630893405e-03
-9.428797271932442756e-03
-9.078342943888834810e-03
-8.724935681428428944e-03
-8.363318210917649459e-03
-7.995771241866244522e-03
-7.629200891771699931e-03
-7.271212970213262149e-03
-6.927214754241670103e-03
-6.598252776444321795e-03
-6.285451593513936841e-03
-5.993951074410136005e-03
-5.722583469975774280e-03
