0.000000000000000000e+00
-7.470372710332115660e-21
-1.202220416863151691e-20
4.021620849699046822e-20
1.013899358820547907e-19
1.764295157300907920e-19
2.550547074182427159e-19
4.085002048471366127e-19
5.696377436674494154e-19
6.559658628376696010e-19
7.317849576559311175e-19
7.624957608633729432e-19
9.161958614382252141e-19
1.101510844198886436e-18
1.591012738814421313e-18
4.676207348696023095e-18
1.883446705096544822e-17
4.538037507264586558e-17
4.142359294039425625e-17
-3.913628614684964780e-17
-3.247570244102334556e-16
-1.164727928612162209e-15
-3.488461232565716910e-15
-9.378836317275547221e-15
-2.320060971067507619e-14
-5.357470514825199082e-14
-1.163890373537905979e-13
-2.396755677669012050e-13
-4.679265609757304363e-13
-8.998652105098414576e-13
-1.683854980917483680e-12
-3.040401645192217862e-12
-5.179132538533051464e-12
-8.639622978768242279e-12
-1.498771088258401096e-11
-2.469480016206195843e-11
-3.630291843842082497e-11
-4.746227987303431707e-11
-5.607353789186842380e-11
-6.071072226028313912e-11
-6.213911726067887981e-11
-5.872431565068097022e-11
-4.745554588362551481e-11
-2.292486131612673429e-11
2.220500543005309278e-11
9.781075270542617008e-11
2.153134028258790860e-10
3.932349461109805941e-10
6.557029799656088895e-10
1.032541865351007857e-09
1.559154058403238700e-09
2.281816370033963256e-09
3.255778843515332628e-09
4.549708061205947070e-09
6.248325856475628498e-09
8.452960688411836912e-09
1.128346566217039890e-08
1.488069147609395451e-08
1.939964741451207166e-08
2.501910412414971235e-08
3.196856769540566295e-08
4.053591821353986488e-08
5.102761584184342628e-08
6.376915365605366537e-08
7.912372049171521663e-08
9.750629414505960097e-08
1.193807762230370200e-07
1.451291049959348366e-07
1.752237239774680891e-07
2.102784504304907211e-07
2.509007956051372008e-07
2.977297420481397646e-07
3.514330533188439286e-07
4.127245521325741568e-07
4.823658992533809036e-07
5.611531887878447625e-07
6.499067222365689385e-07
7.494558564889418723e-07
8.606124283678063173e-07
9.841591594282310717e-07
1.120918675333714483e-06
1.271647765897586177e-06
1.437020422498743304e-06
1.617982742064676981e-06
1.815394440241168456e-06
2.030057938807683548e-06
2.262795937644519802e-06
2.514291791962027605e-06
2.785409682596292788e-06
3.077480510075001376e-06
3.391836029725987292e-06
3.729754651173290434e-06
4.092378571257926899e-06
4.480584159615711382e-06
4.895461384471097353e-06
5.338739862967918302e-06
5.812793467155282080e-06
6.319937996595536604e-06
6.861808238642459793e-06
7.439725187107178566e-06
8.055734836281801468e-06
8.712674632758678005e-06
9.411945501390272370e-06
1.015191361343358377e-05
1.092776579334318102e-05
1.173197238257796240e-05
1.256506483166141605e-05
1.342495832084806358e-05
1.430160247553875635e-05
1.518885770564209815e-05
1.609097176396422581e-05
1.701380342400429465e-05
1.794254947792104792e-05
1.886337994050930330e-05
1.976462019113459239e-05
2.063463546507538252e-05
2.147473081718066860e-05
2.228880459013567083e-05
2.306786640960260576e-05
2.379999757399553685e-05
2.448922486724241636e-05
2.509949600932429950e-05
2.560481650455486311e-05
2.602423214226726910e-05
2.640274407962413367e-05
2.672487541528553988e-05
2.694304045701441641e-05
2.704810119593074739e-05
2.702198507202955283e-05
2.687383036023836111e-05
2.657636774695704292e-05
2.613827537025909586e-05
2.554540525119918226e-05
2.479748829980869896e-05
2.388705856092144562e-05
2.280249162388584019e-05
2.153126787589849321e-05
2.004580966618189748e-05
1.836317191727417555e-05
1.644859649545835244e-05
1.422048212102534438e-05
1.162438234034917740e-05
8.654790300909992576e-06
5.295449021285993895e-06
1.523810437937723264e-06
-2.678997482296953306e-06
-7.322334277445277497e-06
-1.242052887753541753e-05
-1.799884282321184925e-05
-2.409094664978300165e-05
-3.073108212973888322e-05
-3.794573515007649189e-05
-4.575537059448074682e-05
-5.419263909534023979e-05
-6.330472087339154049e-05
-7.313474443917600200e-05
-8.370491172727215375e-05
-9.502174590432735531e-05
-1.071036583628292134e-04
-1.199944331536058958e-04
-1.337422429100277124e-04
-1.483812864790725889e-04
-1.639336510436463523e-04
-1.803966374130741579e-04
-1.977751235083494857e-04
-2.161041385827888565e-04
-2.353764913948076885e-04
-2.555602892428306410e-04
-2.766301116879325969e-04
-2.986001804857814248e-04
-3.215177398676947844e-04
-3.454306364330639962e-04
-3.704069386350129669e-04
-3.966158389858509092e-04
-4.240759380352635542e-04
-4.527765285911499122e-04
-4.827027692005042363e-04
-5.138274354699052648e-04
-5.461151791455462826e-04
-5.795371733150636671e-04
-6.140832414126659762e-04
-6.497594642186478673e-04
-6.865731240635766872e-04
-7.245164131685915979e-04
-7.635606076189498798e-04
-8.036663202429486681e-04
-8.448087513073889755e-04
-8.869959554280636106e-04
-9.302737896063689119e-04
-9.747078625624260029e-04
-1.020348625875388106e-03
-1.067180416617799759e-03
-1.115156323621293785e-03
-1.164202884445362683e-03
-1.214290793163940807e-03
-1.265341653850125640e-03
-1.317378399848618317e-03
-1.370535294289291486e-03
-1.424956454037965004e-03
-1.480724229289923956e-03
-1.537761310102076515e-03
-1.595917041670767179e-03
-1.655054907213709091e-03
-1.715088244897068799e-03
-1.775977255826481725e-03
-1.837873304319857575e-03
-1.900855509026084860e-03
-1.964942602560531756e-03
-2.030143201358925505e-03
-2.096388456077872761e-03
-2.163488051175927081e-03
-2.231183734368402324e-03
-2.299394584612861770e-03
-2.368400934579068320e-03
-2.438112230539332074e-03
-2.508516137481230524e-03
-2.579624776619430637e-03
-2.651587863625938946e-03
-2.724375751283741182e-03
-2.797836095840838897e-03
-2.871805977913610610e-03
-2.946088762462338844e-03
-3.020683805955538120e-03
-3.095771505299255762e-03
-3.171537625634892731e-03
-3.247954102953890150e-03
-3.325016648555365745e-03
-3.402690364642508344e-03
-3.481055874415867231e-03
-3.560409275075145877e-03
-3.640638569008350280e-03
-3.721687916817313906e-03
-3.803418979536694194e-03
-3.885877348466070923e-03
-3.968980231647728334e-03
-4.052484180346467221e-03
-4.136290122787972430e-03
-4.220231436268973707e-03
-4.304515957995027134e-03
-4.389034516487802171e-03
-4.473793576258863758e-03
-4.558867099978341011e-03
-4.644226890810819637e-03
-4.729794415530991399e-03
-4.815493351196088387e-03
-4.900997407624619641e-03
-4.985213280911306860e-03
-5.067947613943450495e-03
-5.149676368308430362e-03
-5.230549159896207521e-03
-5.310743904919059538e-03
-5.389614680403482724e-03
-5.466279591251349199e-03
-5.542465255585537869e-03
-5.618491425311460293e-03
-5.694219692637007141e-03
-5.769317513594975078e-03
-5.843188435624800149e-03
-5.915127539365869734e-03
-5.984703164400816816e-03
-6.052666859253306476e-03
-6.119056977749551783e-03
-6.183657147919183368e-03
-6.246206078706220167e-03
-6.306549469841082542e-03
-6.364559948407109459e-03
-6.419830794989546049e-03
-6.471867835906585341e-03
-6.520323283242415377e-03
-6.564942213785254083e-03
-6.605425283894112917e-03
-6.641474085288830327e-03
-6.672950934459047009e-03
-6.699112264843515296e-03
-6.717792663713441186e-03
-6.728415889428987669e-03
-6.729105150390770999e-03
-6.716322844100289929e-03
-6.686533577102611071e-03
-6.636422440539113329e-03
-6.562310421876911028e-03
-6.458308059684115567e-03
-6.316723189790505143e-03
-6.131554531030113976e-03
-5.894480186258026916e-03
-5.595216791512436401e-03
-5.219911769418294524e-03
-4.754584162464819443e-03
-4.190797955151319594e-03
-3.522721552096781412e-03
-2.753334155816032029e-03
-1.907500552158710155e-03
-1.021822186123681059e-03
-1.549833570033908286e-04
6.235438685314109112e-04
1.271540910846161556e-03
1.862236205417931332e-03
2.409438398809794074e-03
2.892632537603015506e-03
3.361782964625699421e-03
3.845801243321224534e-03
4.351183301087991132e-03
4.841960832207181827e-03
5.317164895318512996e-03
5.784858647433539433e-03
6.239556244726462454e-03
6.679293030141751283e-03
7.105063011543543035e-03
7.515507863091941930e-03
7.916602168805813092e-03
8.327950806709252113e-03
8.731532052759919879e-03
9.116529401826754114e-03
9.479009972038947643e-03
9.821303028050724915e-03
1.015362536466232930e-02
1.047278737042891400e-02
1.077539959680501661e-02
1.106326201196281868e-02
1.134408184936482912e-02
1.162137202651458527e-02
1.189237409327261949e-02
1.215240065131026510e-02
1.239406466177145338e-02
1.261204780919886713e-02
1.280757684899485986e-02
1.298224529087212663e-02
1.314060933488433655e-02
1.328609426862968276e-02
1.342093277929821450e-02
1.354572713435080004e-02
1.366071094297005399e-02
1.376598625540853375e-02
1.386034447655946390e-02
1.394320308464177052e-02
1.401446183889219418e-02
1.407458603487489815e-02
1.412211174972232038e-02
1.415632873209789547e-02
1.417999773326694690e-02
1.419653624261849045e-02
1.420502795139035393e-02
1.420265315002703678e-02
1.418850238132797134e-02
1.416669152492016498e-02
1.414075333771576577e-02
1.411399305598502740e-02
1.409050853322783847e-02
1.406703948481206196e-02
1.403929245684374348e-02
1.402330319287833048e-02
1.400547798799955598e-02
1.398693212547267445e-02
1.396391446894835846e-02
1.396468846081754499e-02
1.398853926379819285e-02
1.405853252586375911e-02
1.417837921162632027e-02
1.431891820907802738e-02
1.459594838490627274e-02
1.534388912386427072e-02
1.646693747148241654e-02
1.778912099993752022e-02
1.913117167551893483e-02
2.024057753135783885e-02
2.099703632945748924e-02
2.152895047593948383e-02
2.200134812654885863e-02
2.254847773684933235e-02
2.319875835876874029e-02
2.383130911798489113e-02
2.437488655450430197e-02
2.478694583127736759e-02
2.504351622912875941e-02
2.512650338891103674e-02
2.506209427324314343e-02
2.486450965998381404e-02
2.462428330679094363e-02
2.448995716612527990e-02
2.464609039208520355e-02
2.532605918211183055e-02
2.656069328356290560e-02
2.795047110502381013e-02
2.908349224917575540e-02
2.980012327386448445e-02
3.007713042830395533e-02
3.005631765287268900e-02
2.988379645938497170e-02
2.966632570176842496e-02
2.940994638570470707e-02
2.911044563262805279e-02
2.880803328882887426e-02
2.852686554037273808e-02
2.826582588505569676e-02
2.802862468241988994e-02
2.781201392095830963e-02
2.761931242505528267e-02
2.744371106535222621e-02
2.725747503970716787e-02
2.706022841923125602e-02
2.686000150011868051e-02
2.665347622335798028e-02
2.642993227903158576e-02
2.618368161650224193e-02
2.591619123754694901e-02
2.563098918976003046e-02
2.533187812755617607e-02
2.502888865045924116e-02
2.472912846163450099e-02
2.443353632770904268e-02
2.413868753962464947e-02
2.384616440400622039e-02
2.356271157528349106e-02
2.329088482580082484e-02
2.302734166930875404e-02
2.276438828484817628e-02
2.249462781536334249e-02
2.221231254217243337e-02
2.191832127528513599e-02
2.161680024414475848e-02
2.130995520076038943e-02
2.099760831680322348e-02
2.068021940564528094e-02
2.035989488735173367e-02
2.003832175642207211e-02
1.971712172036118454e-02
1.939739102833228437e-02
1.907731328459897138e-02
1.875349342877360992e-02
1.842539492904713555e-02
1.809539110223208278e-02
1.776404691546333570e-02
1.743132207114852714e-02
1.709794220292852607e-02
1.676426811657798221e-02
1.643026031269778295e-02
1.609564238598179542e-02
1.575934877346501020e-02
1.542451638945592854e-02
1.509266529369162300e-02
1.476140652775508565e-02
1.443053171489208641e-02
1.410084896779672040e-02
1.377354735825408148e-02
1.344870157133077129e-02
1.312610381602453448e-02
1.280467032206724504e-02
1.248306537462600015e-02
1.216156163167824399e-02
1.183964008765269436e-02
1.151704827257046641e-02
