0.000000000000000000e+00
4.764836924315302181e-21
2.353936287677473453e-20
5.056021773580355758e-20
8.146195121081176255e-20
1.132658176599391934e-19
1.384553038460685462e-19
1.627401191914472320e-19
1.782828185506821513e-19
1.858414761415324386e-19
1.932502820554380531e-19
2.021375291208399721e-19
2.086755618300946959e-19
1.981167625723332019e-19
1.952870582274157717e-19
2.914432993898448673e-19
6.222129006626917228e-19
1.188208624420290069e-18
1.212527890430722092e-18
-1.001687680178666463e-18
-1.004465351751434582e-17
-3.813571136151506997e-17
-1.143041975137669413e-16
-3.028855296336125107e-16
-7.393246993171725445e-16
-1.697096885958545354e-15
-3.696283963023454825e-15
-7.680594414968323711e-15
-1.533007340666865027e-14
-2.959194661796222377e-14
-5.526254662473299035e-14
-9.927574253650481031e-14
-1.709455938952565300e-13
-2.835099379273025363e-13
-4.562450969550827322e-13
-7.204352513152250421e-13
-1.120920776399857256e-12
-1.708401730515764782e-12
-2.511506082146908574e-12
-3.537000862714791973e-12
-4.798805119164368248e-12
-5.937317650614174583e-12
-6.763957913021123983e-12
-7.180700973402041795e-12
-7.005625235369428700e-12
-6.000531455150341643e-12
-3.774091349614286749e-12
3.931198588034078617e-13
7.216953551622569994e-12
1.765975750135817810e-11
3.306979737417001999e-11
5.525678962957403318e-11
8.652410588222975384e-11
1.297721332382165312e-10
1.886101950201075698e-10
2.674874980708345926e-10
3.718009004754964782e-10
5.080964283277536333e-10
6.843163370328588908e-10
9.099922718927447077e-10
1.196500918374139611e-09
1.557212654515011993e-09
2.007782836005270306e-09
2.566789761119245008e-09
3.255985198909648735e-09
4.100704217039992386e-09
5.130373063744878161e-09
6.379531158922928942e-09
7.888347035944795031e-09
9.702859847264293774e-09
1.187545755077251380e-08
1.447084457898860107e-08
1.755878402108559075e-08
2.121813882646913743e-08
2.553944878120979040e-08
3.062559416310131129e-08
3.659247565296994032e-08
4.356988399334519479e-08
5.170711417606321392e-08
6.117324561447756666e-08
7.215269301262069401e-08
8.484466062257285636e-08
9.946454521555886190e-08
1.162521768845050140e-07
1.354427925273939378e-07
1.572635106868565756e-07
1.820309143440394545e-07
2.100854874707596680e-07
2.417708783933432896e-07
2.774542819938042796e-07
3.175270389494176980e-07
3.624081079456099429e-07
4.125555153249638918e-07
4.684664682032653662e-07
5.306807097395021831e-07
5.997870756443478925e-07
6.764454607777690988e-07
7.613720977954064259e-07
8.553150452814719441e-07
9.590718230644653681e-07
1.073487896330961505e-06
1.199517091268172292e-06
1.338145891413400649e-06
1.490341447868491519e-06
1.657117844432920994e-06
1.839537916791364490e-06
2.038677348632089499e-06
2.255628665314701708e-06
2.491523995901312617e-06
2.747609755897371357e-06
3.024744582715505423e-06
3.324018977670454084e-06
3.646706571504070125e-06
3.994444822523481179e-06
4.369151051046562273e-06
4.771458164723824635e-06
5.201279343133036475e-06
5.658595698274561262e-06
6.143360912279625058e-06
6.655124491728004527e-06
7.195483864337757659e-06
7.766653800925006374e-06
8.368433295609451608e-06
8.999838566057085924e-06
9.659902838817202949e-06
1.034820334839850375e-05
1.106518395490529905e-05
1.180945366808839830e-05
1.257989758672176860e-05
1.337595014113849815e-05
1.419262733050557375e-05
1.502603870394571832e-05
1.588364430110828505e-05
1.677010144940490401e-05
1.769607707255151471e-05
1.865262714619530371e-05
1.963943377150450400e-05
2.062723193786054372e-05
2.156229967554736538e-05
2.243516061776649082e-05
2.324197035712036627e-05
2.396827927065026730e-05
2.461704922558090547e-05
2.517734357127357310e-05
2.567591844297262578e-05
2.611643836142020381e-05
2.650433430316427875e-05
2.684833679190636954e-05
2.715022891803148567e-05
2.740836022116202770e-05
2.760885005012568097e-05
2.774141148409381207e-05
2.779536773110391297e-05
2.772701706535204828e-05
2.750407825198233355e-05
2.713478832291462830e-05
2.661397669063261375e-05
2.593060653738939276e-05
2.507588684897621358e-05
2.403253424871899081e-05
2.279068608482662293e-05
2.133655138805426118e-05
1.964170542622631737e-05
1.767712484416865404e-05
1.541014116723124846e-05
1.280863539070553134e-05
9.844098234931915453e-06
6.491906296900344796e-06
2.730068609435367177e-06
-1.462522068961865184e-06
-6.107377937885852547e-06
-1.122691029317093717e-05
-1.684233529412721588e-05
-2.297295835444422010e-05
-2.963555105438000033e-05
-3.684630266450316662e-05
-4.462196844953233147e-05
-5.298102439356997489e-05
-6.196727431982476122e-05
-7.160309936097723543e-05
-8.191785721012901928e-05
-9.293257650041348520e-05
-1.046469357599377314e-04
-1.170617955406053794e-04
-1.301891385138246606e-04
-1.440409169065230211e-04
-1.586344644177755303e-04
-1.739907057233088450e-04
-1.901328195456066460e-04
-2.070831568149296355e-04
-2.248588562891981927e-04
-2.434745339823215561e-04
-2.629453874685826068e-04
-2.832861434870617484e-04
-3.045089743531101227e-04
-3.266199390509305460e-04
-3.496240305048584985e-04
-3.735266727845187981e-04
-3.983334594655951375e-04
-4.240074832489949732e-04
-4.505521240926798764e-04
-4.779890592651002130e-04
-5.063708461163894279e-04
-5.357314895854143211e-04
-5.660925182304570556e-04
-5.974830457608504026e-04
-6.299413300754683328e-04
-6.634926785349317020e-04
-6.981598499126440149e-04
-7.339667003552168131e-04
-7.708757846331722044e-04
-8.088351863016905903e-04
-8.477790427142389406e-04
-8.876211209616764438e-04
-9.282763862257044276e-04
-9.696685699615288472e-04
-1.011728743132525501e-03
-1.054372126425434176e-03
-1.097545283341176160e-03
-1.141242319706147835e-03
-1.185459510734292350e-03
-1.230181064930007664e-03
-1.275367107834985423e-03
-1.320947471145596111e-03
-1.366811964961789404e-03
-1.412818681432650688e-03
-1.458806495757693569e-03
-1.504595710245827493e-03
-1.549962876732073440e-03
-1.594685538939680193e-03
-1.638547541023028641e-03
-1.681325929795157758e-03
-1.722794917170780661e-03
-1.762735537872763556e-03
-1.800943446255148447e-03
-1.837093905852026348e-03
-1.871028552979086407e-03
-1.902685171422946464e-03
-1.932046523401609577e-03
-1.959160195474843064e-03
-1.984086547137564344e-03
-2.006925299710944546e-03
-2.027818831241904544e-03
-2.046885592553865808e-03
-2.064272513674757920e-03
-2.080123139003557924e-03
-2.094609555643456474e-03
-2.107978905767407627e-03
-2.120332961311522952e-03
-2.131753753787552028e-03
-2.142319364160500533e-03
-2.152103500800468631e-03
-2.161175076737811840e-03
-2.169585465815912235e-03
-2.177284208159306449e-03
-2.184293396705053701e-03
-2.190681964442112856e-03
-2.196528549144607934e-03
-2.201901619857093637e-03
-2.206856806245654969e-03
-2.211438527131772292e-03
-2.215687140068456872e-03
-2.219640119200401007e-03
-2.223335057579369986e-03
-2.226796262584832421e-03
-2.230041690284951476e-03
-2.233097421889734379e-03
-2.236009676240176009e-03
-2.238802465309302613e-03
-2.241503759078198026e-03
-2.244129203561999377e-03
-2.246683818623447862e-03
-2.249174489512216404e-03
-2.251604968255364707e-03
-2.253977684423523822e-03
-2.256295777228465790e-03
-2.258562164150882106e-03
-2.260779191928377792e-03
-2.262948797396715367e-03
-2.265072581709757105e-03
-2.267151167352855334e-03
-2.269184457857637265e-03
-2.271173315980352155e-03
-2.273122122475707777e-03
-2.275029520069644928e-03
-2.276893931155426955e-03
-2.278714403240955210e-03
-2.280490497002359875e-03
-2.282222192100306999e-03
-2.283909594165934535e-03
-2.285551442964364223e-03
-2.287050037989311023e-03
-2.288477214204806369e-03
-2.290766373617968230e-03
-2.293525236170622806e-03
-2.296442309398053720e-03
-2.299129946345053552e-03
-2.301451573391767157e-03
-2.278095016940748663e-03
-2.151894609636691939e-03
-1.898714768477127333e-03
-1.519149685371671546e-03
-1.047542607069136761e-03
-4.896777605324376939e-04
1.805184006068946711e-04
9.220968667255009018e-04
1.633846304984300397e-03
2.259034328322645155e-03
2.813662789582722749e-03
3.399593899616684765e-03
4.003523562249212617e-03
4.545674508292523938e-03
5.038885729995164035e-03
5.565046462104745670e-03
6.129758645868095025e-03
6.708173734201171648e-03
7.265150085815665071e-03
7.782759065220248677e-03
8.268738685441111291e-03
8.732504997312286882e-03
9.175624934104278582e-03
9.596790590320121786e-03
9.967057944191736601e-03
1.027960996076906705e-02
1.055414204206950139e-02
1.079941850997508980e-02
1.102586368488161182e-02
1.124101767412478969e-02
1.144705766020861874e-02
1.164271237414085149e-02
1.180730304986757871e-02
1.194676117135361551e-02
1.208298250036538360e-02
1.230597508169090949e-02
1.262360547555955309e-02
1.295914245901328560e-02
1.331196810723941915e-02
1.371386999745222678e-02
1.419455952147240935e-02
1.476219546151209643e-02
1.534717993814706423e-02
1.607194679770904827e-02
1.692529881039853482e-02
1.782198568631732441e-02
1.866952309412933664e-02
1.946667009981947402e-02
2.046383749057556489e-02
2.179561825484094273e-02
2.350208219636438015e-02
2.564289434681416360e-02
2.757597448468016021e-02
2.909061292869407830e-02
3.014382084315154336e-02
3.073028686920896771e-02
3.096870211162087647e-02
3.098335665506800687e-02
3.089945068244744422e-02
3.079453211497480344e-02
3.067559917743159503e-02
3.050677042186250923e-02
3.021981194726800282e-02
2.989640334498231203e-02
2.962536098782219199e-02
2.933533947861435842e-02
2.896639358621357421e-02
2.850780752148988906e-02
2.802325352083462687e-02
2.756055171773774681e-02
2.710533640525075380e-02
2.670497249645291740e-02
2.637543644395186695e-02
2.607445159233141851e-02
2.578399325196023550e-02
2.552825941623657058e-02
2.527307460843811193e-02
2.498245383387980717e-02
2.467564330586178092e-02
2.436905778400384401e-02
2.405626645413797005e-02
2.372424568489376120e-02
2.336578090049773460e-02
2.300885342188998053e-02
2.268324071081722487e-02
2.238562622208374944e-02
2.212017891578001855e-02
2.188975961830973149e-02
2.170442487601730377e-02
2.157358647653431771e-02
2.151597629393542377e-02
2.153115349475280896e-02
2.161686151021737293e-02
2.178932140901680692e-02
2.207366167855364172e-02
2.247279583209566695e-02
2.293867541553762726e-02
2.338799627793469380e-02
2.380574455792307600e-02
2.412484952697995649e-02
2.427512957557933712e-02
2.435850321621476147e-02
2.440823154689928179e-02
2.440832243159308385e-02
2.435039535065680605e-02
2.423643030016528824e-02
2.408862858928082287e-02
2.392667935770235663e-02
2.374765167139368874e-02
2.353350241912652643e-02
2.328641890723878033e-02
2.301764853646432948e-02
2.274613339239812265e-02
2.249191227897760076e-02
2.225412173708987001e-02
2.201781296787707135e-02
2.176301002569678775e-02
2.149203451427960862e-02
2.121956171801880897e-02
2.095536153006747823e-02
2.069864054030040937e-02
2.044080932938229997e-02
2.016921833299009995e-02
1.987673432906167034e-02
1.957444646403034075e-02
1.927558951826459366e-02
1.898418665403222780e-02
1.869963148573085265e-02
1.841897929279804474e-02
1.813823196057098158e-02
1.785660732142606288e-02
1.757510077349747069e-02
1.729662893513538718e-02
1.702166559216089503e-02
1.674916421361288474e-02
1.647705595578392856e-02
1.620385143131471486e-02
1.592863492965291075e-02
1.565086935263467621e-02
1.537298598698079791e-02
1.509566244659463034e-02
1.481835366549262394e-02
1.454085929293970347e-02
1.426351314756461007e-02
1.398532589102016027e-02
1.370542397877005589e-02
1.342423929240641779e-02
1.314325514661404334e-02
1.286253300756333776e-02
1.258674857830389959e-02
1.231466297304669930e-02
1.204337805755834566e-02
1.177202676857418660e-02
