0.000000000000000000e+00
-2.218632183048578949e-20
-1.161770847706963455e-19
-2.263885457194644091e-19
-3.606389821857777066e-19
-4.850244075442675790e-19
-5.892761709050983777e-19
-6.713542552447824037e-19
-7.258454090192774801e-19
-7.483488514233374479e-19
-9.271546336297320938e-19
-1.217626802676104723e-18
-4.842659373715608533e-19
1.085744220125378431e-17
6.863849075704156489e-17
2.800494266635878309e-16
1.053443624316834577e-15
1.624868077097899714e-15
1.181676678780016859e-15
-1.879645050511299987e-15
-1.171521800994591949e-14
-3.698358832724164353e-14
-9.440525700724994781e-14
-2.130139493195804095e-13
-4.406109285684743347e-13
-8.591984012633926723e-13
-1.621682019838290156e-12
-2.968350059728416252e-12
-5.153893847394208369e-12
-8.396782053089377481e-12
-1.301679409485894149e-11
-1.976916727782102022e-11
-3.005136292173127925e-11
-4.094594409603816621e-11
-4.792602067252285314e-11
-5.035635239428676910e-11
-4.890666216251934906e-11
-4.397080171793625985e-11
-3.283988437016889860e-11
-1.118084937249359145e-11
2.558638096363605182e-11
8.368492120616873769e-11
1.720660604434015147e-10
3.017283492389135923e-10
4.854774215930049452e-10
7.401798704869050423e-10
1.086918527487107679e-09
1.551075413320049457e-09
2.162915105528908200e-09
2.957791133234758283e-09
3.976815468504623931e-09
5.261687301438137683e-09
6.866530645867330869e-09
8.854221667826931442e-09
1.129638094036618363e-08
1.427395436066164554e-08
1.787766432420625300e-08
2.220856002971022582e-08
2.737911739068323734e-08
3.351371086797120969e-08
4.074920029807537484e-08
4.923585729974612252e-08
5.913803269220432439e-08
7.063477328131263246e-08
8.391987079299407623e-08
9.919481474580795340e-08
1.166643298106413618e-07
1.365641825836240207e-07
1.591492594040770983e-07
1.846977179571988031e-07
2.135069839733788154e-07
2.458918589698876682e-07
2.823050292335012665e-07
3.231853251051093304e-07
3.688773674082147534e-07
4.197155296802406024e-07
4.760350426243964061e-07
5.380719763471909381e-07
6.060015096664185979e-07
6.803241820999483223e-07
7.615925171930767174e-07
8.503890431110926089e-07
9.473273031192951248e-07
1.053060770732954889e-06
1.168292703564461908e-06
1.293785143145053125e-06
1.430369824561431979e-06
1.578956074680255493e-06
1.740536357283856160e-06
1.916207300450138485e-06
2.107147550193790152e-06
2.314578549555352329e-06
2.539761269411348657e-06
2.783931741060317200e-06
3.048299357177351966e-06
3.334153857399707644e-06
3.642901307508193159e-06
3.975905791757246459e-06
4.334330995811963286e-06
4.719036149745571737e-06
5.131056176776722590e-06
5.571220325556853067e-06
6.039550704339721687e-06
6.536076853366702353e-06
7.062389006125716273e-06
7.618642924738754667e-06
8.204859614628852752e-06
8.820868840071462635e-06
9.465709812795105885e-06
1.013766703839268745e-05
1.083415771019592431e-05
1.155050275915570260e-05
1.228101958807024205e-05
1.302039586954856653e-05
1.375294183352692278e-05
1.446916372333775027e-05
1.516562822426809271e-05
1.584323837988867455e-05
1.650691014308978076e-05
1.716149169313314614e-05
1.780819789051777408e-05
1.845886914019284893e-05
1.910495226863988014e-05
1.974838940467633865e-05
2.038162431112657935e-05
2.097972837556193201e-05
2.152492031970213617e-05
2.200862364737223581e-05
2.242023671511466832e-05
2.275434850736189808e-05
2.300590932733400276e-05
2.317125202501052979e-05
2.326073304639646281e-05
2.327597145636557964e-05
2.320218459254106048e-05
2.302552756586140283e-05
2.271214487839980987e-05
2.227833913819797542e-05
2.174055733110862707e-05
2.106020866671735672e-05
2.021571857196191092e-05
1.918417587148513843e-05
1.795036243447783501e-05
1.651117929677106580e-05
1.485555045591904522e-05
1.296550503116119708e-05
1.084393315345018439e-05
8.487180942954575992e-06
5.868037801270858040e-06
2.959002527313214912e-06
-2.660381163539603120e-07
-3.827909443358764055e-06
-7.745562498804126623e-06
-1.203768874456232209e-05
-1.672362162945761788e-05
-2.182486872220611602e-05
-2.736620110556336661e-05
-3.337633651302959352e-05
-3.988814511112569292e-05
-4.694649132528542975e-05
-5.458039204364173430e-05
-6.281527761878957078e-05
-7.167673454134384288e-05
-8.118836440671333722e-05
-9.137503347228712850e-05
-1.022626366852330906e-04
-1.138703535893617483e-04
-1.262171225394321345e-04
-1.393296569332133606e-04
-1.532310361809650543e-04
-1.679439283412508920e-04
-1.834903582375326219e-04
-1.998932621486818094e-04
-2.171844661096248685e-04
-2.353950233528243725e-04
-2.545594488639852195e-04
-2.747008203836763117e-04
-2.958063534925682450e-04
-3.179083372475386446e-04
-3.410589631041410210e-04
-3.652978676298263786e-04
-3.906535075239907988e-04
-4.171445034707771025e-04
-4.447785853481933671e-04
-4.736072867863549388e-04
-5.036193691997129743e-04
-5.347987061316983185e-04
-5.671360522413151006e-04
-6.005980870344110756e-04
-6.351621264982749504e-04
-6.708437234860467483e-04
-7.076837131645680569e-04
-7.457111279248515145e-04
-7.849302907784216129e-04
-8.253353118950878392e-04
-8.669224328842642466e-04
-9.097385872716286757e-04
-9.536531764743653387e-04
-9.986721398189944178e-04
-1.044864334405044186e-03
-1.092290580921354741e-03
-1.140999650110587939e-03
-1.191023762024645679e-03
-1.242375921154414455e-03
-1.295056039863248061e-03
-1.349061231226166176e-03
-1.404397504348276838e-03
-1.461095047728327078e-03
-1.519133327121314180e-03
-1.578514949190116092e-03
-1.639255336785497980e-03
-1.701369623366500447e-03
-1.764869172722724434e-03
-1.829805474884787413e-03
-1.896371068158860277e-03
-1.964453399245636236e-03
-2.034086739610402924e-03
-2.105236597722900602e-03
-2.177914527903223284e-03
-2.251980581505022300e-03
-2.327190178010603901e-03
-2.403592523687137026e-03
-2.481336163129508384e-03
-2.559894475718040106e-03
-2.639269701463760418e-03
-2.719558789462872637e-03
-2.800848639214972933e-03
-2.883129009137278508e-03
-2.966206363050979782e-03
-3.050286193562354656e-03
-3.135557314400890059e-03
-3.222121472327435943e-03
-3.310010490323946758e-03
-3.399101656855448364e-03
-3.489041225900818902e-03
-3.580015896206361486e-03
-3.672502193269055939e-03
-3.767206889955074852e-03
-3.863944810718668646e-03
-3.962235259711978201e-03
-4.061583862258039829e-03
-4.161460942124789279e-03
-4.261348785419195699e-03
-4.360875578819119538e-03
-4.459753324097952797e-03
-4.557780238785177386e-03
-4.654728999711046922e-03
-4.750619168116699577e-03
-4.845460926913249498e-03
-4.939307353856448035e-03
-5.032363725562333939e-03
-5.124060297730949863e-03
-5.214004402669103304e-03
-5.301737969854497870e-03
-5.387178714612328792e-03
-5.470288769504661613e-03
-5.551042240755499693e-03
-5.629447338519305566e-03
-5.705545001315033386e-03
-5.779410345281271906e-03
-5.851096491179971770e-03
-5.920659867726546857e-03
-5.988175652103461602e-03
-6.053733922990477828e-03
-6.117423135393893451e-03
-6.179288688392290882e-03
-6.239366984181550155e-03
-6.297750850678742254e-03
-6.354565484886271279e-03
-6.409916271924243417e-03
-6.463878942614511777e-03
-6.516476518349172825e-03
-6.567727081313848650e-03
-6.617445437329659043e-03
-6.665565968456983910e-03
-6.712005532082092850e-03
-6.756603789276152162e-03
-6.799194346645762166e-03
-6.839541379695203427e-03
-6.877307983381692955e-03
-6.912026288509026499e-03
-6.943044933678837148e-03
-6.969470087253264688e-03
-6.990044064031483186e-03
-7.003008104014542441e-03
-7.005927489399616653e-03
-6.995592101522675813e-03
-6.967813837647885734e-03
-6.916887744271009442e-03
-6.834244038574328363e-03
-6.704771089080635224e-03
-6.509564270692601816e-03
-6.219310910942315966e-03
-5.816241116272755085e-03
-5.286954189838744510e-03
-4.621897458798904929e-03
-3.823139830748601992e-03
-2.947699224963349837e-03
-2.046552535204390448e-03
-1.132880828012102631e-03
-1.608418073771972711e-04
8.029428772187135327e-04
1.703792085268559988e-03
2.529308436729476878e-03
3.312593691959713881e-03
4.054301145073619522e-03
4.810010407421702258e-03
5.516558744858424471e-03
6.220170993098914428e-03
6.951365858923001448e-03
7.631064741820349842e-03
8.273598750341415800e-03
8.876400818754310446e-03
9.439327864417904404e-03
9.979538449859378518e-03
1.049946679633661714e-02
1.099743090306298798e-02
1.147048081463219148e-02
1.193565637380678696e-02
1.239460181021486557e-02
1.285124844652765427e-02
1.330037616989502777e-02
1.374983116978508758e-02
1.422493299144767312e-02
1.474648011231283543e-02
1.532036218000658485e-02
1.594439782847140510e-02
1.662320073680651281e-02
1.736906666557529524e-02
1.817099539358418142e-02
1.900626315976931824e-02
1.982960256712921684e-02
2.058990958171901323e-02
2.127421276999223038e-02
2.187982637997411620e-02
2.241230626475206045e-02
2.288687948088326957e-02
2.331209026635644097e-02
2.369957896217565751e-02
2.404359320668178826e-02
2.434873231818199257e-02
2.462176088457357012e-02
2.489299013622128798e-02
2.522734238114518121e-02
2.559863109383231014e-02
2.603477648828766283e-02
2.657093157694810290e-02
2.727678177568185550e-02
2.817366733430407000e-02
2.905474222511472693e-02
2.980614879390539387e-02
3.043030713426817316e-02
3.094510616643446690e-02
3.138533380479422569e-02
3.175392200558482120e-02
3.205421331934699136e-02
3.229012095232331597e-02
3.245232915783426153e-02
3.255560224355336790e-02
3.262181017917089448e-02
3.264874497925922270e-02
3.262637304527663679e-02
3.253874289662518626e-02
3.239526661732580054e-02
3.222977780577784834e-02
3.201013507390235852e-02
3.168926013558935606e-02
3.130807678418786461e-02
3.089717158721469112e-02
3.048654104765863293e-02
3.008816972193110312e-02
2.968898065931153268e-02
2.927444342627536292e-02
2.884603019570241775e-02
2.840963800782525528e-02
2.797322630401672186e-02
2.754775511739121496e-02
2.713952481600436992e-02
2.674479342978938745e-02
2.635759767382494373e-02
2.597680913236995182e-02
2.560222817853385208e-02
2.523317619208473306e-02
2.486694027050803321e-02
2.450034050115692738e-02
2.413250813234980169e-02
2.376442006982546970e-02
2.339670280529645291e-02
2.302948895868837595e-02
2.266596051873618831e-02
2.230653318929541953e-02
2.195395673378477963e-02
2.160797581693701605e-02
2.126872572447188400e-02
2.093575913042138720e-02
2.060679334030984799e-02
2.027932916247393927e-02
1.995205056388225928e-02
1.962543400190205553e-02
1.930092820331825651e-02
1.897913907019403712e-02
1.866007470406261595e-02
1.834349144206223053e-02
1.802878233980049691e-02
1.771499507999655873e-02
1.740193054200798659e-02
1.709028286906031507e-02
1.678065047029509219e-02
1.647340774693378460e-02
1.616890213352084951e-02
1.586669686717804423e-02
1.556576149086860011e-02
1.526678415057890724e-02
1.496939265193949521e-02
1.466966387196253808e-02
1.438411018891958514e-02
1.413474513894874898e-02
1.400378576983413517e-02
1.402494735739797868e-02
1.412761025883147413e-02
1.421025791736385373e-02
1.427505878262346969e-02
1.431685508668233478e-02
1.431140355792322877e-02
1.425040922362224953e-02
1.413309589307489358e-02
1.396225334499364562e-02
1.374972915000073279e-02
1.351775946373149490e-02
1.328051570977285649e-02
1.304323669326637111e-02
1.280559660057611383e-02
1.256953382269133425e-02
1.233735940153366309e-02
1.211000203274987044e-02
1.188665532537127797e-02
1.166903805483843377e-02
1.146245514996676283e-02
1.126600907088571440e-02
1.107911177971483523e-02
1.090448823800299963e-02
1.073837844850503154e-02
1.057768152144859808e-02
1.041665576249276894e-02
1.025354402003369331e-02
1.008796264935762042e-02
9.920344559007572213e-03
9.751036461784311563e-03
9.580302336069282387e-03
9.407512729678796370e-03
9.234885239132935644e-03
